=== Hermit per-dtid activity & starvation analysis ===
distinct dtids: 29    total scheduler turns: 1373030    final committed vtime: 1767231392.076 s

 dtid    turns  syscall  first_trn   last_trn       first_vt_s        last_vt_s   tail_turns     tail_vt_s  flags
    7   498978   376745        527    1355904   1767225607.813   1767231162.737        17125       229.339  EXITED BUSY-POLLER
   17   352788   351507       5503    1355691   1767225744.487   1767231162.298        17338       229.779  BUSY-POLLER
   15   259092   238795       5371    1355649   1767225720.963   1767231161.618        17380       230.458  EXITED
    9   212182   112506       3542    1355692   1767225638.482   1767231162.298        17337       229.778  EXITED
    3    16083     1354          0    1373029   1767225600.000   1767231392.076            0         0.000  EXITED
   19    13935     9972    1320900    1352666   1767230720.495   1767230809.241        20363       582.835  EXITED
   39     7743     7574    1357644    1372885   1767231229.918   1767231390.540          144         1.536  EXITED
   11     3648     2453       4982    1352032   1767225673.729   1767230803.771        20997       588.305  
   25     2313     2174    1356295    1372972   1767231175.038   1767231391.413           57         0.664  EXITED
   37     1222      891    1357402    1372946   1767231221.208   1767231391.187           83         0.889  EXITED
   29      928      799    1356574    1372898   1767231188.820   1767231390.709          131         1.367  EXITED
   33      479      289    1357267    1372845   1767231206.387   1767231390.222          184         1.854  EXITED
   35      444      398    1357307    1372656   1767231213.644   1767231389.282          373         2.794  EXITED
   51      405      265    1362413    1372637   1767231307.976   1767231389.085          392         2.991  EXITED
    5      347      327        164    1367695   1767225602.419   1767231383.735         5334         8.341  
   31      336      151    1357132    1373020   1767231198.788   1767231391.917            9         0.160  EXITED
   43      309      176    1357846    1366573   1767231246.055   1767231381.235         6456        10.841  EXITED
   47      308      293    1361276    1371588   1767231280.141   1767231386.942         1441         5.135  EXITED
   57      289      268    1364148    1365639   1767231357.424   1767231378.075         7390        14.002  EXITED
   49      251      236    1361642    1372025   1767231293.702   1767231387.719         1004         4.358  EXITED
   27      247      233    1356546    1372908   1767231182.528   1767231390.864          121         1.212  EXITED
   45      181      172    1358673    1366396   1767231258.797   1767231380.586         6633        11.490  EXITED
   41      163        3    1357707    1372921   1767231237.562   1767231390.907          108         1.169  
   23      131      109    1356270    1372988   1767231169.674   1767231391.601           41         0.476  EXITED
   53       67       29    1363173    1365950   1767231324.425   1767231378.987         7079        13.090  EXITED
   59       56       54    1364202    1364700   1767231373.113   1767231375.394         8329        16.682  EXITED
   13       39       33       5225       5392   1767225697.786   1767225721.149      1367637      5670.928  EXITED
   55       37       30    1364059    1364795   1767231341.791   1767231375.870         8234        16.206  EXITED
   21       29       23    1355412    1355483   1767231159.099   1767231159.275        17546       232.802  

=== wedge witnesses (starvation tail, worst first) ===
  none: every dtid ran into the final 40% of the run, or the clock did not
  race ahead after any thread went silent. No starvation-tail signature.
